************
Channel Id:1
TOP:   3 1 3 0 0 5 6 0 3 0 0
BOTTOM:1 2 4 2 4 1 5 7 0 7 6
************
Channel Id:2
TOP:   0 1 4 5 1 6 7 0 4 9 10 10
BOTTOM:2 3 5 3 5 2 6 8 9 8  7  9
************
Channel Id:3
TOP:   0 2 4 5 2 6 7 0 4 0 0
BOTTOM:1 3 5 3 5 1 6 8 0 8 7
************
Channel Id:4
TOP:   3 1 3 0 0 5 6 0 3 0 0 8
BOTTOM:0 2 4 2 4 1 5 7 8 7 6 0
************
Channel Id:5
TOP:   17 9 23 33 0  17 34 33 32 31 32 20 9 10 21 34 0 31 22 10 0 22 1  3 16 0  0 0 9 19 7 0 16 14 7
BOTTOM:0  0  0 24 10 13  4  2 21  2  4 23 1  4 24  1 4  2  0  1 4  0 3 19  2 3 20 2 3 14 3 1  9 24 0
