
Given channel input :

 [[3, 1, 3, 0, 0, 5, 6, 0, 3, 0, 0], [1, 2, 4, 2, 4, 1, 5, 7, 0, 7, 6]]

.................V    C    G....................

Cycle is not present


Final VCG is:

[3, 1, 2][3, 4]
[6, 5, 1, 2]
[7]


Vmax = 4
Given channel input :

 [[0, 1, 4, 5, 1, 6, 7, 0, 4, 9, 10, 10], [2, 3, 5, 3, 5, 2, 6, 8, 9, 8, 7, 9]]

.................V    C    G....................

Cycle is not present


Final VCG is:

[1, 3][4, 5, 3]
[1, 5, 3]
[4, 9, 8]
[10, 7, 6, 2]
[10, 9, 8]


Vmax = 4
Given channel input :

 [[0, 2, 4, 5, 2, 6, 7, 0, 4, 0, 0], [1, 3, 5, 3, 5, 1, 6, 8, 0, 8, 7]]

.................V    C    G....................

Cycle is not present


Final VCG is:

[2, 3][4, 5, 3]
[2, 5, 3]
[7, 6, 1]
[8]


Vmax = 3
Given channel input :

 [[3, 1, 3, 0, 0, 5, 6, 0, 3, 0, 0, 8], [0, 2, 4, 2, 4, 1, 5, 7, 8, 7, 6, 0]]

.................V    C    G....................

Cycle is not present


Final VCG is:

[3, 4][6, 5, 1, 2]
[3, 8]
[7]


Vmax = 4
Given channel input :

 [[17, 9, 23, 33, 0, 17, 34, 33, 32, 31, 32, 20, 9, 10, 21, 34, 0, 31, 22, 10, 0, 22, 1, 3, 16, 0, 0, 0, 9, 19, 7, 0, 16, 14, 7], [0, 0, 0, 24, 10, 13, 4, 2, 21, 2, 4, 23, 1, 4, 24, 1, 4, 2, 0, 1, 4, 0, 3, 19, 2, 3, 20, 2, 3, 14, 3, 1, 9, 24, 0]]

.................V    C    G....................

Cycle is not present


Final VCG is:

[33, 24][17, 13]
[34, 4]
[33, 2]
[32, 21, 24]
[32, 4]
[20, 23]
[10, 4]
[34, 1, 3, 19, 14, 24]
[31, 2]
[10, 1, 3, 19, 14, 24]
[22]
[16, 2]
[7, 3, 19, 14, 24]
[16, 9, 1, 3, 19, 14, 24]
[16, 9, 3, 19, 14, 24]


Vmax = 7